[[1]]
[1] 0.25 0.25 0.25 0.25

[[2]]
[1] 0.1428571 0.1428571 0.1428571 0.1428571 0.1428571 0.1428571 0.1428571

[[3]]
[1] 0.2 0.2 0.2 0.2 0.2

[[4]]
[1] 0.3333333 0.3333333 0.3333333

[[5]]
[1] 0.3333333 0.3333333 0.3333333

[[6]]
[1] 1

[[7]]
[1] 0.2 0.2 0.2 0.2 0.2

[[8]]
[1] 0.25 0.25 0.25 0.25

[[9]]
[1] 0.3333333 0.3333333 0.3333333

[[10]]
[1] 0.3333333 0.3333333 0.3333333

[[11]]
[1] 0.25 0.25 0.25 0.25

[[12]]
[1] 0.1666667 0.1666667 0.1666667 0.1666667 0.1666667 0.1666667

[[13]]
[1] 0.2 0.2 0.2 0.2 0.2

[[14]]
[1] 0.2 0.2 0.2 0.2 0.2

[[15]]
[1] 0.2 0.2 0.2 0.2 0.2

[[16]]
[1] 0.25 0.25 0.25 0.25

[[17]]
[1] 0.3333333 0.3333333 0.3333333

[[18]]
[1] 0.1666667 0.1666667 0.1666667 0.1666667 0.1666667 0.1666667

[[19]]
[1] 0.3333333 0.3333333 0.3333333

[[20]]
[1] 0.3333333 0.3333333 0.3333333

[[21]]
[1] 0.2 0.2 0.2 0.2 0.2

[[22]]
[1] 0.2 0.2 0.2 0.2 0.2

[[23]]
[1] 0.1666667 0.1666667 0.1666667 0.1666667 0.1666667 0.1666667

[[24]]
[1] 0.2 0.2 0.2 0.2 0.2

[[25]]
[1] 0.2 0.2 0.2 0.2 0.2

[[26]]
[1] 0.1666667 0.1666667 0.1666667 0.1666667 0.1666667 0.1666667

[[27]]
[1] 0.25 0.25 0.25 0.25

[[28]]
[1] 0.25 0.25 0.25 0.25

[[29]]
[1] 0.25 0.25 0.25 0.25

[[30]]
[1] 0.25 0.25 0.25 0.25

[[31]]
[1] 0.2 0.2 0.2 0.2 0.2

[[32]]
[1] 0.3333333 0.3333333 0.3333333

[[33]]
[1] 0.2 0.2 0.2 0.2 0.2

[[34]]
[1] 0.25 0.25 0.25 0.25

[[35]]
[1] 0.25 0.25 0.25 0.25

[[36]]
[1] 1

[[37]]
[1] 0.3333333 0.3333333 0.3333333

[[38]]
[1] 0.25 0.25 0.25 0.25

[[39]]
[1] 0.2 0.2 0.2 0.2 0.2

[[40]]
[1] 0.3333333 0.3333333 0.3333333

[[41]]
[1] 0.1428571 0.1428571 0.1428571 0.1428571 0.1428571 0.1428571 0.1428571

[[42]]
[1] 0.25 0.25 0.25 0.25

[[43]]
[1] 0.25 0.25 0.25 0.25

[[44]]
[1] 0.25 0.25 0.25 0.25

[[45]]
[1] 0.1666667 0.1666667 0.1666667 0.1666667 0.1666667 0.1666667

[[46]]
[1] 0.3333333 0.3333333 0.3333333

[[47]]
[1] 0.25 0.25 0.25 0.25

[[48]]
[1] 0.2 0.2 0.2 0.2 0.2

[[49]]
[1] 0.25 0.25 0.25 0.25

[[50]]
[1] 0.3333333 0.3333333 0.3333333

[[51]]
[1] 0.25 0.25 0.25 0.25

[[52]]
[1] 0.25 0.25 0.25 0.25

[[53]]
[1] 0.25 0.25 0.25 0.25

[[54]]
[1] 0.2 0.2 0.2 0.2 0.2

[[55]]
[1] 0.2 0.2 0.2 0.2 0.2

[[56]]
[1] 0.3333333 0.3333333 0.3333333

[[57]]
[1] 0.5 0.5

[[58]]
[1] 0.5 0.5

[[59]]
[1] 0.25 0.25 0.25 0.25

[[60]]
[1] 0.25 0.25 0.25 0.25

[[61]]
[1] 0.2 0.2 0.2 0.2 0.2

[[62]]
[1] 0.25 0.25 0.25 0.25

[[63]]
[1] 0.3333333 0.3333333 0.3333333

[[64]]
[1] 0.3333333 0.3333333 0.3333333

[[65]]
[1] 1

[[66]]
[1] 0.25 0.25 0.25 0.25

[[67]]
[1] 0.2 0.2 0.2 0.2 0.2

[[68]]
[1] 0.25 0.25 0.25 0.25

[[69]]
[1] 0.25 0.25 0.25 0.25

[[70]]
[1] 0.3333333 0.3333333 0.3333333

[[71]]
[1] 0.25 0.25 0.25 0.25

[[72]]
[1] 0.1428571 0.1428571 0.1428571 0.1428571 0.1428571 0.1428571 0.1428571

[[73]]
[1] 0.25 0.25 0.25 0.25

[[74]]
[1] 0.25 0.25 0.25 0.25

[[75]]
[1] 0.3333333 0.3333333 0.3333333

[[76]]
[1] 0.25 0.25 0.25 0.25

[[77]]
[1] 0.2 0.2 0.2 0.2 0.2

[[78]]
[1] 0.1666667 0.1666667 0.1666667 0.1666667 0.1666667 0.1666667

[[79]]
[1] 0.2 0.2 0.2 0.2 0.2

[[80]]
[1] 0.3333333 0.3333333 0.3333333

[[81]]
[1] 0.2 0.2 0.2 0.2 0.2

[[82]]
[1] 0.3333333 0.3333333 0.3333333

[[83]]
[1] 0.2 0.2 0.2 0.2 0.2

[[84]]
[1] 0.2 0.2 0.2 0.2 0.2

[[85]]
[1] 0.25 0.25 0.25 0.25

[[86]]
[1] 0.2 0.2 0.2 0.2 0.2

[[87]]
[1] 0.25 0.25 0.25 0.25

[[88]]
[1] 0.2 0.2 0.2 0.2 0.2

[[89]]
[1] 0.25 0.25 0.25 0.25

[[90]]
[1] 0.2 0.2 0.2 0.2 0.2

[[91]]
[1] 0.1666667 0.1666667 0.1666667 0.1666667 0.1666667 0.1666667

[[92]]
[1] 0.1666667 0.1666667 0.1666667 0.1666667 0.1666667 0.1666667

[[93]]
[1] 0.2 0.2 0.2 0.2 0.2

[[94]]
[1] 0.2 0.2 0.2 0.2 0.2

[[95]]
[1] 0.25 0.25 0.25 0.25

[[96]]
[1] 0.25 0.25 0.25 0.25

[[97]]
[1] 0.2 0.2 0.2 0.2 0.2

[[98]]
[1] 0.2 0.2 0.2 0.2 0.2

[[99]]
[1] 0.3333333 0.3333333 0.3333333

[[100]]
[1] 0.25 0.25 0.25 0.25

[[101]]
[1] 0.3333333 0.3333333 0.3333333

[[102]]
[1] 0.3333333 0.3333333 0.3333333

[[103]]
[1] 0.3333333 0.3333333 0.3333333

[[104]]
[1] 0.25 0.25 0.25 0.25

[[105]]
[1] 0.2 0.2 0.2 0.2 0.2

[[106]]
[1] 0.25 0.25 0.25 0.25

[[107]]
[1] 0.25 0.25 0.25 0.25

[[108]]
[1] 0.3333333 0.3333333 0.3333333

[[109]]
[1] 0.3333333 0.3333333 0.3333333

[[110]]
[1] 0.2 0.2 0.2 0.2 0.2

[[111]]
[1] 0.25 0.25 0.25 0.25

[[112]]
[1] 0.2 0.2 0.2 0.2 0.2

[[113]]
[1] 0.1428571 0.1428571 0.1428571 0.1428571 0.1428571 0.1428571 0.1428571

[[114]]
[1] 0.2 0.2 0.2 0.2 0.2

[[115]]
[1] 0.2 0.2 0.2 0.2 0.2

[[116]]
[1] 0.2 0.2 0.2 0.2 0.2

[[117]]
[1] 0.1428571 0.1428571 0.1428571 0.1428571 0.1428571 0.1428571 0.1428571

[[118]]
[1] 0.25 0.25 0.25 0.25

[[119]]
[1] 0.2 0.2 0.2 0.2 0.2

[[120]]
[1] 0.25 0.25 0.25 0.25

[[121]]
[1] 0.2 0.2 0.2 0.2 0.2

[[122]]
[1] 0.1428571 0.1428571 0.1428571 0.1428571 0.1428571 0.1428571 0.1428571

[[123]]
[1] 0.3333333 0.3333333 0.3333333

[[124]]
[1] 0.5 0.5

[[125]]
[1] 0.5 0.5

[[126]]
[1] 0.25 0.25 0.25 0.25

[[127]]
[1] 0.3333333 0.3333333 0.3333333

[[128]]
[1] 0.3333333 0.3333333 0.3333333

[[129]]
[1] 0.2 0.2 0.2 0.2 0.2

[[130]]
[1] 0.1666667 0.1666667 0.1666667 0.1666667 0.1666667 0.1666667

[[131]]
[1] 0.1666667 0.1666667 0.1666667 0.1666667 0.1666667 0.1666667

[[132]]
[1] 0.3333333 0.3333333 0.3333333

[[133]]
[1] 0.3333333 0.3333333 0.3333333

[[134]]
[1] 0.3333333 0.3333333 0.3333333

[[135]]
[1] 0.3333333 0.3333333 0.3333333

[[136]]
[1] 0.25 0.25 0.25 0.25

[[137]]
[1] 0.2 0.2 0.2 0.2 0.2

[[138]]
[1] 0.1666667 0.1666667 0.1666667 0.1666667 0.1666667 0.1666667

[[139]]
[1] 0.1666667 0.1666667 0.1666667 0.1666667 0.1666667 0.1666667

[[140]]
[1] 0.2 0.2 0.2 0.2 0.2

[[141]]
[1] 0.2 0.2 0.2 0.2 0.2

[[142]]
[1] 0.2 0.2 0.2 0.2 0.2

[[143]]
[1] 0.5 0.5

[[144]]
[1] 0.2 0.2 0.2 0.2 0.2

[[145]]
[1] 0.25 0.25 0.25 0.25

[[146]]
[1] 0.25 0.25 0.25 0.25

[[147]]
[1] 0.1666667 0.1666667 0.1666667 0.1666667 0.1666667 0.1666667

[[148]]
[1] 0.1666667 0.1666667 0.1666667 0.1666667 0.1666667 0.1666667

[[149]]
[1] 0.2 0.2 0.2 0.2 0.2

[[150]]
[1] 0.25 0.25 0.25 0.25

[[151]]
[1] 0.1428571 0.1428571 0.1428571 0.1428571 0.1428571 0.1428571 0.1428571

[[152]]
[1] 0.2 0.2 0.2 0.2 0.2

[[153]]
[1] 0.25 0.25 0.25 0.25

[[154]]
[1] 0.3333333 0.3333333 0.3333333

[[155]]
[1] 0.3333333 0.3333333 0.3333333

[[156]]
[1] 0.5 0.5

[[157]]
[1] 0.25 0.25 0.25 0.25

[[158]]
[1] 0.1666667 0.1666667 0.1666667 0.1666667 0.1666667 0.1666667

[[159]]
[1] 0.1666667 0.1666667 0.1666667 0.1666667 0.1666667 0.1666667

[[160]]
[1] 0.2 0.2 0.2 0.2 0.2

[[161]]
[1] 0.3333333 0.3333333 0.3333333

[[162]]
[1] 0.2 0.2 0.2 0.2 0.2

[[163]]
[1] 0.25 0.25 0.25 0.25

[[164]]
[1] 0.5 0.5

[[165]]
[1] 0.5 0.5

[[166]]
[1] 0.25 0.25 0.25 0.25

[[167]]
[1] 0.2 0.2 0.2 0.2 0.2

[[168]]
[1] 0.25 0.25 0.25 0.25

[[169]]
[1] 0.1666667 0.1666667 0.1666667 0.1666667 0.1666667 0.1666667

[[170]]
[1] 0.2 0.2 0.2 0.2 0.2

[[171]]
[1] 0.3333333 0.3333333 0.3333333

[[172]]
[1] 0.25 0.25 0.25 0.25

[[173]]
[1] 0.25 0.25 0.25 0.25

[[174]]
[1] 0.25 0.25 0.25 0.25

[[175]]
[1] 0.1666667 0.1666667 0.1666667 0.1666667 0.1666667 0.1666667

[[176]]
[1] 0.125 0.125 0.125 0.125 0.125 0.125 0.125 0.125

[[177]]
[1] 0.2 0.2 0.2 0.2 0.2

[[178]]
[1] 0.2 0.2 0.2 0.2 0.2

[[179]]
[1] 0.2 0.2 0.2 0.2 0.2

[[180]]
[1] 0.2 0.2 0.2 0.2 0.2

[[181]]
[1] 0.2 0.2 0.2 0.2 0.2

[[182]]
[1] 0.2 0.2 0.2 0.2 0.2

[[183]]
[1] 0.25 0.25 0.25 0.25

[[184]]
[1] 0.2 0.2 0.2 0.2 0.2

[[185]]
[1] 0.2 0.2 0.2 0.2 0.2

[[186]]
[1] 0.2 0.2 0.2 0.2 0.2

[[187]]
[1] 0.1666667 0.1666667 0.1666667 0.1666667 0.1666667 0.1666667

[[188]]
[1] 0.25 0.25 0.25 0.25

[[189]]
[1] 0.3333333 0.3333333 0.3333333

[[190]]
[1] 0.2 0.2 0.2 0.2 0.2

[[191]]
[1] 0.2 0.2 0.2 0.2 0.2

[[192]]
[1] 0.5 0.5

[[193]]
[1] 0.25 0.25 0.25 0.25

[[194]]
[1] 0.5 0.5

[[195]]
[1] 1

[[196]]
[1] 0.25 0.25 0.25 0.25

[[197]]
[1] 0.25 0.25 0.25 0.25

[[198]]
[1] 0.3333333 0.3333333 0.3333333

[[199]]
[1] 0.5 0.5

[[200]]
[1] 0.1666667 0.1666667 0.1666667 0.1666667 0.1666667 0.1666667

[[201]]
[1] 0.25 0.25 0.25 0.25

[[202]]
[1] 0.1666667 0.1666667 0.1666667 0.1666667 0.1666667 0.1666667

[[203]]
[1] 0.2 0.2 0.2 0.2 0.2

[[204]]
[1] 0.25 0.25 0.25 0.25

[[205]]
[1] 0.25 0.25 0.25 0.25

[[206]]
[1] 0.2 0.2 0.2 0.2 0.2

[[207]]
[1] 0.25 0.25 0.25 0.25

[[208]]
[1] 0.3333333 0.3333333 0.3333333

[[209]]
[1] 0.2 0.2 0.2 0.2 0.2

[[210]]
[1] 0.2 0.2 0.2 0.2 0.2

[[211]]
[1] 0.2 0.2 0.2 0.2 0.2

[[212]]
[1] 0.25 0.25 0.25 0.25

[[213]]
[1] 0.2 0.2 0.2 0.2 0.2

[[214]]
[1] 0.25 0.25 0.25 0.25

[[215]]
[1] 0.2 0.2 0.2 0.2 0.2

[[216]]
[1] 0.2 0.2 0.2 0.2 0.2

[[217]]
[1] 0.1666667 0.1666667 0.1666667 0.1666667 0.1666667 0.1666667

[[218]]
[1] 0.1428571 0.1428571 0.1428571 0.1428571 0.1428571 0.1428571 0.1428571

[[219]]
[1] 0.3333333 0.3333333 0.3333333

[[220]]
[1] 0.25 0.25 0.25 0.25

[[221]]
[1] 0.25 0.25 0.25 0.25

[[222]]
[1] 0.5 0.5

[[223]]
[1] 0.2 0.2 0.2 0.2 0.2

[[224]]
[1] 0.3333333 0.3333333 0.3333333

[[225]]
[1] 0.2 0.2 0.2 0.2 0.2

[[226]]
[1] 0.1666667 0.1666667 0.1666667 0.1666667 0.1666667 0.1666667

[[227]]
[1] 0.2 0.2 0.2 0.2 0.2

[[228]]
[1] 0.1428571 0.1428571 0.1428571 0.1428571 0.1428571 0.1428571 0.1428571

[[229]]
[1] 0.3333333 0.3333333 0.3333333

[[230]]
[1] 0.1666667 0.1666667 0.1666667 0.1666667 0.1666667 0.1666667

[[231]]
[1] 0.2 0.2 0.2 0.2 0.2

[[232]]
[1] 0.2 0.2 0.2 0.2 0.2

[[233]]
[1] 0.1666667 0.1666667 0.1666667 0.1666667 0.1666667 0.1666667

[[234]]
[1] 0.125 0.125 0.125 0.125 0.125 0.125 0.125 0.125

[[235]]
[1] 0.3333333 0.3333333 0.3333333

[[236]]
[1] 0.2 0.2 0.2 0.2 0.2

[[237]]
[1] 0.2 0.2 0.2 0.2 0.2

[[238]]
[1] 0.2 0.2 0.2 0.2 0.2

[[239]]
[1] 0.5 0.5

[[240]]
[1] 0.5 0.5

[[241]]
[1] 0.1666667 0.1666667 0.1666667 0.1666667 0.1666667 0.1666667

[[242]]
[1] 0.25 0.25 0.25 0.25

[[243]]
[1] 0.2 0.2 0.2 0.2 0.2

[[244]]
[1] 0.2 0.2 0.2 0.2 0.2

[[245]]
[1] 0.25 0.25 0.25 0.25

[[246]]
[1] 0.2 0.2 0.2 0.2 0.2

[[247]]
[1] 0.2 0.2 0.2 0.2 0.2

[[248]]
[1] 0.1666667 0.1666667 0.1666667 0.1666667 0.1666667 0.1666667

[[249]]
[1] 0.2 0.2 0.2 0.2 0.2

[[250]]
[1] 0.1666667 0.1666667 0.1666667 0.1666667 0.1666667 0.1666667

[[251]]
[1] 0.25 0.25 0.25 0.25

[[252]]
[1] 0.2 0.2 0.2 0.2 0.2

[[253]]
[1] 0.2 0.2 0.2 0.2 0.2

[[254]]
[1] 0.25 0.25 0.25 0.25

[[255]]
[1] 0.25 0.25 0.25 0.25

[[256]]
[1] 0.3333333 0.3333333 0.3333333

[[257]]
[1] 0.1666667 0.1666667 0.1666667 0.1666667 0.1666667 0.1666667

[[258]]
[1] 0.3333333 0.3333333 0.3333333

[[259]]
[1] 0.3333333 0.3333333 0.3333333

[[260]]
[1] 0.3333333 0.3333333 0.3333333

[[261]]
[1] 0.25 0.25 0.25 0.25

[[262]]
[1] 0.5 0.5

[[263]]
[1] 0.25 0.25 0.25 0.25

[[264]]
[1] 0.3333333 0.3333333 0.3333333

[[265]]
[1] 0.25 0.25 0.25 0.25

[[266]]
[1] 0.2 0.2 0.2 0.2 0.2

[[267]]
[1] 0.25 0.25 0.25 0.25

[[268]]
[1] 0.2 0.2 0.2 0.2 0.2

[[269]]
[1] 0.25 0.25 0.25 0.25

[[270]]
[1] 0.25 0.25 0.25 0.25

[[271]]
[1] 0.2 0.2 0.2 0.2 0.2

[[272]]
[1] 0.25 0.25 0.25 0.25

[[273]]
[1] 0.2 0.2 0.2 0.2 0.2

[[274]]
[1] 0.1428571 0.1428571 0.1428571 0.1428571 0.1428571 0.1428571 0.1428571

[[275]]
[1] 0.25 0.25 0.25 0.25

[[276]]
[1] 0.2 0.2 0.2 0.2 0.2

[[277]]
[1] 0.1666667 0.1666667 0.1666667 0.1666667 0.1666667 0.1666667

[[278]]
[1] 0.1428571 0.1428571 0.1428571 0.1428571 0.1428571 0.1428571 0.1428571

[[279]]
[1] 0.1666667 0.1666667 0.1666667 0.1666667 0.1666667 0.1666667

[[280]]
[1] 0.2 0.2 0.2 0.2 0.2

[[281]]
[1] 0.2 0.2 0.2 0.2 0.2

[[282]]
[1] 0.2 0.2 0.2 0.2 0.2

[[283]]
[1] 0.2 0.2 0.2 0.2 0.2

[[284]]
[1] 0.1428571 0.1428571 0.1428571 0.1428571 0.1428571 0.1428571 0.1428571

[[285]]
[1] 0.25 0.25 0.25 0.25

[[286]]
[1] 0.3333333 0.3333333 0.3333333

[[287]]
[1] 0.25 0.25 0.25 0.25

[[288]]
[1] 0.25 0.25 0.25 0.25

[[289]]
[1] 0.2 0.2 0.2 0.2 0.2

[[290]]
[1] 0.25 0.25 0.25 0.25

[[291]]
[1] 0.3333333 0.3333333 0.3333333

[[292]]
[1] 0.1666667 0.1666667 0.1666667 0.1666667 0.1666667 0.1666667

[[293]]
[1] 0.1428571 0.1428571 0.1428571 0.1428571 0.1428571 0.1428571 0.1428571

[[294]]
[1] 0.1666667 0.1666667 0.1666667 0.1666667 0.1666667 0.1666667

[[295]]
[1] 0.1666667 0.1666667 0.1666667 0.1666667 0.1666667 0.1666667

[[296]]
[1] 0.3333333 0.3333333 0.3333333

[[297]]
[1] 0.2 0.2 0.2 0.2 0.2

[[298]]
[1] 0.25 0.25 0.25 0.25

[[299]]
[1] 0.25 0.25 0.25 0.25

[[300]]
[1] 0.5 0.5

[[301]]
[1] 0.3333333 0.3333333 0.3333333

[[302]]
[1] 0.2 0.2 0.2 0.2 0.2

[[303]]
[1] 0.25 0.25 0.25 0.25

[[304]]
[1] 0.1666667 0.1666667 0.1666667 0.1666667 0.1666667 0.1666667

[[305]]
[1] 0.5 0.5

[[306]]
[1] 0.1666667 0.1666667 0.1666667 0.1666667 0.1666667 0.1666667

[[307]]
[1] 0.3333333 0.3333333 0.3333333

[[308]]
[1] 0.5 0.5

[[309]]
[1] 0.2 0.2 0.2 0.2 0.2

[[310]]
[1] 0.2 0.2 0.2 0.2 0.2

[[311]]
[1] 0.5 0.5

[[312]]
[1] 0.5 0.5

[[313]]
[1] 0.2 0.2 0.2 0.2 0.2

[[314]]
[1] 0.25 0.25 0.25 0.25

[[315]]
[1] 0.1666667 0.1666667 0.1666667 0.1666667 0.1666667 0.1666667

[[316]]
[1] 0.3333333 0.3333333 0.3333333

[[317]]
[1] 0.1666667 0.1666667 0.1666667 0.1666667 0.1666667 0.1666667

[[318]]
[1] 0.1428571 0.1428571 0.1428571 0.1428571 0.1428571 0.1428571 0.1428571

[[319]]
[1] 0.25 0.25 0.25 0.25

[[320]]
[1] 0.2 0.2 0.2 0.2 0.2

[[321]]
[1] 0.2 0.2 0.2 0.2 0.2

[[322]]
[1] 0.25 0.25 0.25 0.25

[[323]]
[1] 0.2 0.2 0.2 0.2 0.2

[[324]]
[1] 0.25 0.25 0.25 0.25

[[325]]
[1] 0.1428571 0.1428571 0.1428571 0.1428571 0.1428571 0.1428571 0.1428571

[[326]]
[1] 0.125 0.125 0.125 0.125 0.125 0.125 0.125 0.125

[[327]]
[1] 0.2 0.2 0.2 0.2 0.2

[[328]]
[1] 0.25 0.25 0.25 0.25

[[329]]
[1] 0.25 0.25 0.25 0.25

[[330]]
[1] 0.3333333 0.3333333 0.3333333

[[331]]
[1] 0.2 0.2 0.2 0.2 0.2

[[332]]
[1] 0.3333333 0.3333333 0.3333333

[[333]]
[1] 0.3333333 0.3333333 0.3333333

[[334]]
[1] 0.25 0.25 0.25 0.25

[[335]]
[1] 0.3333333 0.3333333 0.3333333

[[336]]
[1] 0.125 0.125 0.125 0.125 0.125 0.125 0.125 0.125

[[337]]
[1] 0.2 0.2 0.2 0.2 0.2

[[338]]
[1] 0.2 0.2 0.2 0.2 0.2

[[339]]
[1] 0.2 0.2 0.2 0.2 0.2

[[340]]
[1] 0.3333333 0.3333333 0.3333333

[[341]]
[1] 0.25 0.25 0.25 0.25

[[342]]
[1] 0.25 0.25 0.25 0.25

[[343]]
[1] 0.5 0.5

[[344]]
[1] 0.1666667 0.1666667 0.1666667 0.1666667 0.1666667 0.1666667

[[345]]
[1] 0.2 0.2 0.2 0.2 0.2

[[346]]
[1] 0.5 0.5

[[347]]
[1] 0.3333333 0.3333333 0.3333333

[[348]]
[1] 0.3333333 0.3333333 0.3333333

[[349]]
[1] 0.25 0.25 0.25 0.25

[[350]]
[1] 0.5 0.5

[[351]]
[1] 0.5 0.5

[[352]]
[1] 0.25 0.25 0.25 0.25

[[353]]
[1] 0.5 0.5

[[354]]
[1] 0.25 0.25 0.25 0.25

[[355]]
[1] 0.3333333 0.3333333 0.3333333

[[356]]
[1] 0.5 0.5

[[357]]
[1] 1

[[358]]
[1] 0.2 0.2 0.2 0.2 0.2

[[359]]
[1] 0.2 0.2 0.2 0.2 0.2

[[360]]
[1] 0.3333333 0.3333333 0.3333333

[[361]]
[1] 0.1666667 0.1666667 0.1666667 0.1666667 0.1666667 0.1666667

[[362]]
[1] 0.2 0.2 0.2 0.2 0.2

[[363]]
[1] 0.3333333 0.3333333 0.3333333

[[364]]
[1] 0.3333333 0.3333333 0.3333333

[[365]]
[1] 1

[[366]]
[1] 0.5 0.5

[[367]]
[1] 0.25 0.25 0.25 0.25

[[368]]
[1] 0.25 0.25 0.25 0.25

[[369]]
[1] 0.25 0.25 0.25 0.25

[[370]]
[1] 1

[[371]]
[1] 1

[[372]]
[1] 0.5 0.5

[[373]]
[1] 0.5 0.5

[[374]]
[1] 0.5 0.5

[[375]]
[1] 0.5 0.5

[[376]]
[1] 0.25 0.25 0.25 0.25

[[377]]
[1] 0.5 0.5

[[378]]
[1] 0.2 0.2 0.2 0.2 0.2

[[379]]
[1] 0.3333333 0.3333333 0.3333333

[[380]]
[1] 0.25 0.25 0.25 0.25

[[381]]
[1] 0.25 0.25 0.25 0.25

[[382]]
[1] 0.3333333 0.3333333 0.3333333

[[383]]
[1] 0.3333333 0.3333333 0.3333333

[[384]]
[1] 0.25 0.25 0.25 0.25

[[385]]
[1] 0.3333333 0.3333333 0.3333333

[[386]]
[1] 0.3333333 0.3333333 0.3333333

[[387]]
[1] 0.25 0.25 0.25 0.25

[[388]]
[1] 0.25 0.25 0.25 0.25

[[389]]
[1] 0.3333333 0.3333333 0.3333333

[[390]]
[1] 0.25 0.25 0.25 0.25

[[391]]
[1] 0.25 0.25 0.25 0.25

[[392]]
[1] 0.25 0.25 0.25 0.25

[[393]]
[1] 0.5 0.5

[[394]]
[1] 0.3333333 0.3333333 0.3333333

[[395]]
[1] 0.5 0.5

[[396]]
[1] 0.25 0.25 0.25 0.25

[[397]]
[1] 0.25 0.25 0.25 0.25

[[398]]
[1] 0.25 0.25 0.25 0.25

[[399]]
[1] 0.3333333 0.3333333 0.3333333

[[400]]
[1] 0.25 0.25 0.25 0.25

[[401]]
[1] 0.2 0.2 0.2 0.2 0.2

[[402]]
[1] 0.1666667 0.1666667 0.1666667 0.1666667 0.1666667 0.1666667

[[403]]
[1] 0.25 0.25 0.25 0.25

[[404]]
[1] 0.2 0.2 0.2 0.2 0.2

[[405]]
[1] 0.3333333 0.3333333 0.3333333

[[406]]
[1] 0.3333333 0.3333333 0.3333333

[[407]]
[1] 0.5 0.5

[[408]]
[1] 0.25 0.25 0.25 0.25

[[409]]
[1] 0.25 0.25 0.25 0.25

[[410]]
[1] 0.2 0.2 0.2 0.2 0.2

[[411]]
[1] 0.2 0.2 0.2 0.2 0.2

[[412]]
[1] 0.1666667 0.1666667 0.1666667 0.1666667 0.1666667 0.1666667

[[413]]
[1] 0.2 0.2 0.2 0.2 0.2

[[414]]
[1] 0.25 0.25 0.25 0.25

[[415]]
[1] 0.2 0.2 0.2 0.2 0.2

[[416]]
[1] 0.25 0.25 0.25 0.25

[[417]]
[1] 0.2 0.2 0.2 0.2 0.2

[[418]]
[1] 0.1666667 0.1666667 0.1666667 0.1666667 0.1666667 0.1666667

[[419]]
[1] 0.2 0.2 0.2 0.2 0.2

[[420]]
[1] 0.25 0.25 0.25 0.25

[[421]]
[1] 0.2 0.2 0.2 0.2 0.2

[[422]]
[1] 0.1666667 0.1666667 0.1666667 0.1666667 0.1666667 0.1666667

[[423]]
[1] 0.1666667 0.1666667 0.1666667 0.1666667 0.1666667 0.1666667

[[424]]
[1] 0.1666667 0.1666667 0.1666667 0.1666667 0.1666667 0.1666667

[[425]]
[1] 0.3333333 0.3333333 0.3333333

[[426]]
[1] 0.1666667 0.1666667 0.1666667 0.1666667 0.1666667 0.1666667

[[427]]
[1] 0.1428571 0.1428571 0.1428571 0.1428571 0.1428571 0.1428571 0.1428571

[[428]]
[1] 0.25 0.25 0.25 0.25

[[429]]
[1] 0.25 0.25 0.25 0.25

[[430]]
[1] 0.1428571 0.1428571 0.1428571 0.1428571 0.1428571 0.1428571 0.1428571

[[431]]
[1] 0.25 0.25 0.25 0.25

[[432]]
[1] 0.5 0.5

[[433]]
[1] 0.1428571 0.1428571 0.1428571 0.1428571 0.1428571 0.1428571 0.1428571

[[434]]
[1] 0.2 0.2 0.2 0.2 0.2

[[435]]
[1] 0.2 0.2 0.2 0.2 0.2

[[436]]
[1] 0.25 0.25 0.25 0.25

[[437]]
[1] 0.25 0.25 0.25 0.25

[[438]]
[1] 0.2 0.2 0.2 0.2 0.2

[[439]]
[1] 0.2 0.2 0.2 0.2 0.2

[[440]]
[1] 0.1666667 0.1666667 0.1666667 0.1666667 0.1666667 0.1666667

[[441]]
[1] 0.3333333 0.3333333 0.3333333

[[442]]
[1] 0.25 0.25 0.25 0.25

[[443]]
[1] 0.2 0.2 0.2 0.2 0.2

[[444]]
[1] 0.2 0.2 0.2 0.2 0.2

[[445]]
[1] 0.2 0.2 0.2 0.2 0.2

[[446]]
[1] 0.1428571 0.1428571 0.1428571 0.1428571 0.1428571 0.1428571 0.1428571

[[447]]
[1] 0.1666667 0.1666667 0.1666667 0.1666667 0.1666667 0.1666667

[[448]]
[1] 0.2 0.2 0.2 0.2 0.2

[[449]]
[1] 0.2 0.2 0.2 0.2 0.2

[[450]]
[1] 0.1428571 0.1428571 0.1428571 0.1428571 0.1428571 0.1428571 0.1428571

[[451]]
[1] 0.1428571 0.1428571 0.1428571 0.1428571 0.1428571 0.1428571 0.1428571

[[452]]
[1] 0.2 0.2 0.2 0.2 0.2

[[453]]
[1] 0.1666667 0.1666667 0.1666667 0.1666667 0.1666667 0.1666667

[[454]]
[1] 0.2 0.2 0.2 0.2 0.2

[[455]]
[1] 0.1666667 0.1666667 0.1666667 0.1666667 0.1666667 0.1666667

[[456]]
[1] 0.2 0.2 0.2 0.2 0.2

[[457]]
[1] 0.1666667 0.1666667 0.1666667 0.1666667 0.1666667 0.1666667

[[458]]
[1] 0.25 0.25 0.25 0.25

[[459]]
[1] 0.2 0.2 0.2 0.2 0.2

[[460]]
[1] 0.25 0.25 0.25 0.25

[[461]]
[1] 0.1428571 0.1428571 0.1428571 0.1428571 0.1428571 0.1428571 0.1428571

[[462]]
[1] 0.2 0.2 0.2 0.2 0.2

[[463]]
[1] 0.3333333 0.3333333 0.3333333

[[464]]
[1] 0.2 0.2 0.2 0.2 0.2

[[465]]
[1] 0.2 0.2 0.2 0.2 0.2

[[466]]
[1] 0.2 0.2 0.2 0.2 0.2

[[467]]
[1] 0.3333333 0.3333333 0.3333333

[[468]]
[1] 0.5 0.5

[[469]]
[1] 0.3333333 0.3333333 0.3333333

[[470]]
[1] 0.25 0.25 0.25 0.25

[[471]]
[1] 0.25 0.25 0.25 0.25

[[472]]
[1] 0.3333333 0.3333333 0.3333333

[[473]]
[1] 0.3333333 0.3333333 0.3333333

[[474]]
[1] 0.25 0.25 0.25 0.25

[[475]]
[1] 0.3333333 0.3333333 0.3333333

[[476]]
[1] 0.5 0.5

[[477]]
[1] 0.3333333 0.3333333 0.3333333

[[478]]
[1] 0.2 0.2 0.2 0.2 0.2

[[479]]
[1] 0.2 0.2 0.2 0.2 0.2

[[480]]
[1] 0.3333333 0.3333333 0.3333333

[[481]]
[1] 1

[[482]]
[1] 0.3333333 0.3333333 0.3333333

[[483]]
[1] 0.3333333 0.3333333 0.3333333

[[484]]
[1] 0.3333333 0.3333333 0.3333333

[[485]]
[1] 0.25 0.25 0.25 0.25

[[486]]
[1] 0.25 0.25 0.25 0.25

[[487]]
[1] 0.25 0.25 0.25 0.25

[[488]]
[1] 0.2 0.2 0.2 0.2 0.2

[[489]]
[1] 0.25 0.25 0.25 0.25

[[490]]
[1] 0.3333333 0.3333333 0.3333333

[[491]]
[1] 0.2 0.2 0.2 0.2 0.2

[[492]]
[1] 0.25 0.25 0.25 0.25

[[493]]
[1] 0.25 0.25 0.25 0.25

[[494]]
[1] 0.3333333 0.3333333 0.3333333

[[495]]
[1] 0.2 0.2 0.2 0.2 0.2

[[496]]
[1] 0.3333333 0.3333333 0.3333333

[[497]]
[1] 0.25 0.25 0.25 0.25

[[498]]
[1] 0.25 0.25 0.25 0.25

[[499]]
[1] 0.2 0.2 0.2 0.2 0.2

[[500]]
[1] 0.25 0.25 0.25 0.25

[[501]]
[1] 0.25 0.25 0.25 0.25

[[502]]
[1] 0.3333333 0.3333333 0.3333333

[[503]]
[1] 0.3333333 0.3333333 0.3333333

[[504]]
[1] 0.5 0.5

[[505]]
[1] 0.25 0.25 0.25 0.25

[[506]]
[1] 1

attr(,"mode")
[1] "binary"
attr(,"W")
[1] TRUE
attr(,"comp")
attr(,"comp")$d
  [1] 4 7 5 3 3 1 5 4 3 3 4 6 5 5 5 4 3 6 3 3 5 5 6 5 5 6 4 4 4 4 5 3 5 4 4 1 3 4 5 3 7 4 4 4 6 3 4 5 4 3
 [51] 4 4 4 5 5 3 2 2 4 4 5 4 3 3 1 4 5 4 4 3 4 7 4 4 3 4 5 6 5 3 5 3 5 5 4 5 4 5 4 5 6 6 5 5 4 4 5 5 3 4
[101] 3 3 3 4 5 4 4 3 3 5 4 5 7 5 5 5 7 4 5 4 5 7 3 2 2 4 3 3 5 6 6 3 3 3 3 4 5 6 6 5 5 5 2 5 4 4 6 6 5 4
[151] 7 5 4 3 3 2 4 6 6 5 3 5 4 2 2 4 5 4 6 5 3 4 4 4 6 8 5 5 5 5 5 5 4 5 5 5 6 4 3 5 5 2 4 2 1 4 4 3 2 6
[201] 4 6 5 4 4 5 4 3 5 5 5 4 5 4 5 5 6 7 3 4 4 2 5 3 5 6 5 7 3 6 5 5 6 8 3 5 5 5 2 2 6 4 5 5 4 5 5 6 5 6
[251] 4 5 5 4 4 3 6 3 3 3 4 2 4 3 4 5 4 5 4 4 5 4 5 7 4 5 6 7 6 5 5 5 5 7 4 3 4 4 5 4 3 6 7 6 6 3 5 4 4 2
[301] 3 5 4 6 2 6 3 2 5 5 2 2 5 4 6 3 6 7 4 5 5 4 5 4 7 8 5 4 4 3 5 3 3 4 3 8 5 5 5 3 4 4 2 6 5 2 3 3 4 2
[351] 2 4 2 4 3 2 1 5 5 3 6 5 3 3 1 2 4 4 4 1 1 2 2 2 2 4 2 5 3 4 4 3 3 4 3 3 4 4 3 4 4 4 2 3 2 4 4 4 3 4
[401] 5 6 4 5 3 3 2 4 4 5 5 6 5 4 5 4 5 6 5 4 5 6 6 6 3 6 7 4 4 7 4 2 7 5 5 4 4 5 5 6 3 4 5 5 5 7 6 5 5 7
[451] 7 5 6 5 6 5 6 4 5 4 7 5 3 5 5 5 3 2 3 4 4 3 3 4 3 2 3 5 5 3 1 3 3 3 4 4 4 5 4 3 5 4 4 3 5 3 4 4 5 4
[501] 4 3 3 2 4 1

